{
 "cells": [
  {
   "cell_type": "markdown",
   "id": "ca73cfe4",
   "metadata": {},
   "source": [
    "# Testing things\n",
    "Testing if processed data works with utils functions"
   ]
  },
  {
   "cell_type": "code",
   "execution_count": 8,
   "id": "460d6b77",
   "metadata": {},
   "outputs": [
    {
     "data": {
      "text/plain": [
       "<module 'src.utils' from '/Users/cadenp/Documents/GitHub/DSC180B_FinalProject/src/utils.py'>"
      ]
     },
     "execution_count": 8,
     "metadata": {},
     "output_type": "execute_result"
    }
   ],
   "source": [
    "import pandas as pd\n",
    "import numpy as np\n",
    "import json\n",
    "from importlib import reload\n",
    "from src import utils\n",
    "\n",
    "# Reload utils module to get the latest changes\n",
    "reload(utils)"
   ]
  },
  {
   "cell_type": "code",
   "execution_count": 9,
   "id": "24449ac6",
   "metadata": {},
   "outputs": [],
   "source": [
    "# Load the JSON data\n",
    "with open(\"data/processed/0021500622_processed.json\", \"r\") as f:\n",
    "    game = json.load(f)\n",
    "\n",
    "# Assign possession for events w/o possession info according to closest player to ball\n",
    "for event in game:\n",
    "    utils.assign_event_possession(event)"
   ]
  },
  {
   "cell_type": "code",
   "execution_count": 10,
   "id": "9d92af3a",
   "metadata": {},
   "outputs": [
    {
     "name": "stdout",
     "output_type": "stream",
     "text": [
      "<xarray.Dataset> Size: 3MB\n",
      "Dimensions:    (play: 281, time: 150, player: 5, coord: 2)\n",
      "Coordinates:\n",
      "  * play       (play) int64 2kB 0 1 2 3 4 5 6 7 ... 274 275 276 277 278 279 280\n",
      "  * time       (time) int64 1kB 0 1 2 3 4 5 6 7 ... 143 144 145 146 147 148 149\n",
      "  * player     (player) int64 40B 0 1 2 3 4\n",
      "  * coord      (coord) <U1 8B 'x' 'y'\n",
      "Data variables:\n",
      "    positions  (play, time, player, coord) float64 3MB 6.443 22.26 ... 40.19\n"
     ]
    }
   ],
   "source": [
    "dataset = utils.build_offensive_dataset(game, max_frames=150)\n",
    "print(dataset)"
   ]
  },
  {
   "cell_type": "code",
   "execution_count": null,
   "id": "92c9a066",
   "metadata": {},
   "outputs": [
    {
     "name": "stdout",
     "output_type": "stream",
     "text": [
      "It.  |Loss        |Relative loss|Absolute loss\n",
      "------------------------------------------------\n",
      "    0|4.911300e+03|0.000000e+00|0.000000e+00\n",
      "    1|2.728484e-12|1.800011e+15|4.911300e+03\n",
      "    2|2.728484e-12|0.000000e+00|0.000000e+00\n",
      "Distance matrix:\n",
      " [[0.2 0.  0.  0.  0. ]\n",
      " [0.  0.2 0.  0.  0. ]\n",
      " [0.  0.  0.2 0.  0. ]\n",
      " [0.  0.  0.  0.2 0. ]\n",
      " [0.  0.  0.  0.  0.2]]\n"
     ]
    }
   ],
   "source": [
    "## EXAMPLE USAGE OF DistanceProfile\n",
    "# Compare two events (first frames)\n",
    "X = dataset.positions[0, 0, :, :].values  # first event, first frame\n",
    "Y = dataset.positions[1, 0, :, :].values  # second event, first frame\n",
    "\n",
    "# DistanceProfile\n",
    "dp = utils.DistanceProfile(X, Y)\n",
    "dist_matrix = dp.compute_W_matrix(X, Y)\n",
    "print (\"Distance matrix:\\n\", dist_matrix)"
   ]
  },
  {
   "cell_type": "code",
   "execution_count": null,
   "id": "bfb2153c",
   "metadata": {},
   "outputs": [
    {
     "name": "stdout",
     "output_type": "stream",
     "text": [
      "Offense pairwise distances:\n",
      " [[ 0.         21.12624859  5.86996826 31.60409151 14.18691794]\n",
      " [21.12624859  0.         15.7821068  42.5523995  18.8702791 ]\n",
      " [ 5.86996826 15.7821068   0.         35.43271672 14.55959885]\n",
      " [31.60409151 42.5523995  35.43271672  0.         23.78746014]\n",
      " [14.18691794 18.8702791  14.55959885 23.78746014  0.        ]]\n",
      "Defense pairwise distances:\n",
      " [[ 0.         21.12624859  5.86996826 31.60409151 14.18691794]\n",
      " [21.12624859  0.         15.7821068  42.5523995  18.8702791 ]\n",
      " [ 5.86996826 15.7821068   0.         35.43271672 14.55959885]\n",
      " [31.60409151 42.5523995  35.43271672  0.         23.78746014]\n",
      " [14.18691794 18.8702791  14.55959885 23.78746014  0.        ]]\n"
     ]
    }
   ],
   "source": [
    "# calculate L-Norm distance matrices\n",
    "dist_X, dist_Y = dp.compute_LN_matrix(X, Y, ord=2)  # Euclidean norm\n",
    "print(\"Offense pairwise distances:\\n\", dist_X)\n",
    "print(\"Defense pairwise distances:\\n\", dist_Y)"
   ]
  }
 ],
 "metadata": {
  "kernelspec": {
   "display_name": "base",
   "language": "python",
   "name": "python3"
  },
  "language_info": {
   "codemirror_mode": {
    "name": "ipython",
    "version": 3
   },
   "file_extension": ".py",
   "mimetype": "text/x-python",
   "name": "python",
   "nbconvert_exporter": "python",
   "pygments_lexer": "ipython3",
   "version": "3.13.5"
  }
 },
 "nbformat": 4,
 "nbformat_minor": 5
}
